6;172;168
7;165;96
10;149;24
11;38;31
12;119;71;80
15;92;132
19;176;151
27;40;2
30;124;129
33;5;14
34;102;139
38;114;55
39;91;131;77
40;60;75
45;90;16
47;59;104;88;10
51;80;140
53;87;6;111
57;139;150;197;29
58;176;19
59;104;88;10
61;109;175
64;117;186
67;105;86
69;31;11
70;18;106
71;119;12;80
76;87;6;111;53
77;135;91;131
79;141;122
81;97;138
83;180;17
84;157;125
85;108;147
86;190;4
87;13;121
88;59;104;10
89;95;127
90;157;154
98;44;8
99;159;68
104;88;10
106;179;153
108;146;79
111;116;20
112;187;156
113;17;83
119;12;71;80
120;3;28
124;129;64
126;155;118
127;23;62
128;48;93
129;112;66
137;120;28
139;150;197;29
140;160;80
141;107;122
143;70;106
144;7;96
145;36;98
146;51;80
147;22;108
148;103;15
149;133;24;72
150;139;197;29
157;180;125;166
159;43;115
160;37;80
161;181;193;171
163;185;168
166;17;113
167;134;58
168;161;73
169;164;172
171;173;182
172;163;185;168
174;189;184
177;78;21
181;192;188
183;194;170
184;161;136
185;178;172
189;162;183
190;27;54
191;123;33
193;25;101
197;139;150;29
198;49;152
199;119;12;71;80










